30418611
23636865
24846334
31240772
23645501
34319424
30509166
31206092
32231277
31673914
25004933
35599880
33742087
34962095
31035293
32584851
35782726
32680974
15125772
26134161
28235823
28204559
12411574
34265872
9712587
20219831
33995435
31852439
27422993
31596499
21175888
35371153
30110937
28132846
22863334
28979275
20864544
19474204
28598036
24586488
28338712
33918544
24727730
15731930
33090664
30979945
32186464
35498680
25287450
30113770
32005391
31787988
20828382
27791139
12228359
23322364
31123331
34587329
27979775
36307423
34591638
27062090
25452420
24707045
31518373
31724182
25005919
31981430
24886084
21198362
27832313
11299373
31856712
25549672
24372721
15939664
35840482
29120038
33742112
24397545
24072327
20421496
23963672
24845624
32499790
32344464
32119117
31437808
34245624
30894121
33452487
25663621
33841461
23388059
33458938
26786479
31779909
33846264
27345221
30004144
24673766
20345602
33175845
24872380
31569565
25074550
24465684
24893844
26371882
29769571
35574141
24284817
16395584
33368860
30087346
29292374
21406680
28319089
20075913
31766569
18790999
35972963
26858743
30782966
21679315
20731530
22080596
19789288
33606812
23432463
16244141
10875337
28073951
18156218
26284091
16199614
30397259
26410301
21685176
35294003
32867687
25792252
26672071
25406544
19912567
25774204
15037734
17132148
32303662
36856086
22530598
15070781
33631796
20735771
33368860
25004933
25416287
24722550
25246578
33826745
36928335
29897103
34268482
17204643
19237309
18301989
17709752
36890232
35581536
34587329
34962095
26786479
29292374
35782726
33175845
31596499
35782726
24586488
27832313
33090664
27404272
37384360
25369033
18790999
35972963
26858743
30782966
21679315
20731530
22080596
19789288
33606812
23432463
16244141
10875337
28073951
18156218
26284091
16199614
30397259
26410301
21685176
35294003
32867687
25792252
26672071
25406544
19912567
25774204
15037734
17132148
32303662
36856086
22530598
15070781
33631796
34233625
39350068
25756528
30804368
29232719
23486080
31747415
31805143
20472699
29587637
39619174
39511005
30157757
34978122
21569389
35183125
31089185
25690715
21963820
37880577
27422993
25124843
25738957
29617389
31661499
33077811
38502238
25316311
31749312
28701220
34416870
28629322
32005156
39138389
33096992
35275252
33311570
20032079
22925529
29664958
31752696
33050902
30940069
39253773
22319075
23898176
31024048
33622237
33856425
29402302
32851437
29143671
25595526
28389769
36688967
21952936
26724806
31208334
23354974
20199683
37352204
32873245
20069414
31161230
30940069
33096992
31161230
31208334
17684023
37880577
39894897
31024048
31661499
31747415
37313220
39511005
34416870
25738957
35183125
29587637
35275252
25756528
39355623
33622237
38502238
25914587
21952936
31089185
22925529
36388509
40181259
23136504
29232719
30157757
20069414
39350068
20472699
20199683
23136494
28629322
28389769
37352204
39619174
32005156
26724806
25690715
34978122
30804368
28701220
33050902
23919159
34776747
21569389
33077811
37313012
25914584
36688967
31749312
23486080
28324582
39138389
22319075
31752696
39280846
25316311
28744181
7753859
33311570
27422993
32873245
29617389
31805143
23354974
23898176
29402302
31988631
40026842
31598087
36714756
38882575
37309477
40098977
36684771
37309363
